   2.0000000e+01   9.4050846e+00   1.0447533e-01   2.0469564e-01
   2.0000000e+01   9.4995870e+00   1.9897767e-01   3.9382449e-01
   2.0000000e+01   9.5987440e+00   2.9813470e-01   5.8571095e-01
   2.0000000e+01   9.7048889e+00   4.0427957e-01   7.7244812e-01
   2.0000000e+01   9.8112333e+00   5.1062397e-01   9.5572063e-01
   2.0000000e+01   9.9079171e+00   6.0730779e-01   1.1608351e+00
   2.0000000e+01   1.0005568e+01   7.0495830e-01   1.3723248e+00
   2.0000000e+01   1.0096748e+01   7.9613880e-01   1.6193755e+00
   2.0000000e+01   1.0198149e+01   8.9753929e-01   1.7991833e+00
   2.0000000e+01   1.0298740e+01   9.9813108e-01   2.0011697e+00
   4.0000000e+01   8.7021490e+00   1.0041313e-01   3.8690777e-01
   4.0000000e+01   8.8011727e+00   1.9943681e-01   7.7716664e-01
   4.0000000e+01   8.9012046e+00   2.9946871e-01   1.1754653e+00
   4.0000000e+01   9.0010388e+00   3.9930293e-01   1.5775900e+00
   4.0000000e+01   9.1010627e+00   4.9932682e-01   1.9829605e+00
   4.0000000e+01   9.2016900e+00   5.9995411e-01   2.3915207e+00
   4.0000000e+01   9.3023467e+00   7.0061088e-01   2.8000199e+00
   4.0000000e+01   9.4030334e+00   8.0129749e-01   3.2082028e+00
   4.0000000e+01   9.5041461e+00   9.0241023e-01   3.6182528e+00
   4.0000000e+01   9.6049699e+00   1.0032341e+00   4.0265157e+00
   6.0000000e+01   8.0034622e+00   1.0088262e-01   5.7545033e-01
   6.0000000e+01   8.1014656e+00   1.9888596e-01   1.1547598e+00
   6.0000000e+01   8.2015795e+00   2.9899985e-01   1.7462948e+00
   6.0000000e+01   8.3015932e+00   3.9901361e-01   2.3390723e+00
   6.0000000e+01   8.4027089e+00   5.0012924e-01   2.9450139e+00
   6.0000000e+01   8.5035236e+00   6.0094398e-01   3.5528157e+00
   6.0000000e+01   8.6048659e+00   7.0228627e-01   4.1663470e+00
   6.0000000e+01   8.7067148e+00   8.0413516e-01   4.7845864e+00
   6.0000000e+01   8.8080961e+00   9.0551647e-01   5.4006846e+00
   6.0000000e+01   8.9102503e+00   1.0076707e+00   6.0223351e+00
   8.0000000e+01   7.3034402e+00   9.9680425e-02   7.4459809e-01
   8.0000000e+01   7.4017423e+00   1.9798254e-01   1.5203172e+00
   8.0000000e+01   7.5015783e+00   2.9781855e-01   2.3070523e+00
   8.0000000e+01   7.6023147e+00   3.9855491e-01   3.1012971e+00
   8.0000000e+01   7.7044505e+00   5.0069070e-01   3.9077905e+00
   8.0000000e+01   7.8068370e+00   6.0307725e-01   4.7189271e+00
   8.0000000e+01   7.9101871e+00   7.0642726e-01   5.5423536e+00
   8.0000000e+01   8.0136415e+00   8.0988168e-01   6.3708889e+00
   8.0000000e+01   8.1176124e+00   9.1385264e-01   7.2066454e+00
   8.0000000e+01   8.2219941e+00   1.0182343e+00   8.0482527e+00
   1.0000000e+02   6.6063267e+00   1.0154416e-01   9.3564751e-01
   1.0000000e+02   6.7036604e+00   1.9887780e-01   1.8953498e+00
   1.0000000e+02   6.8024240e+00   2.9764146e-01   2.8687218e+00
   1.0000000e+02   6.9021273e+00   3.9734467e-01   3.8508736e+00
   1.0000000e+02   7.0025329e+00   4.9775030e-01   4.8398141e+00
   1.0000000e+02   7.1034956e+00   5.9871297e-01   5.8347650e+00
   1.0000000e+02   7.2049125e+00   7.0012987e-01   6.8360508e+00
   1.0000000e+02   7.3067057e+00   8.0192314e-01   7.8431525e+00
   1.0000000e+02   7.4088154e+00   9.0403279e-01   8.8558736e+00
   1.0000000e+02   7.5111954e+00   1.0064128e+00   9.8756061e+00
